3
0.05
12
13 13
6 11
11 6
1 1
2 1
3 1
3 11
4 1
6 1
8 6
9 1
9 6
9 11
11 1
11 5
  0  0  0  0  0  0  0  0  0  0  0  0  0
  0  2 13 13 13 13 44  8  8  8  8  5  0
  0 10  0  0  0  0 36  0  0  0  0 11  0
  0 10  0  0  0  0 36  0  0  0  0 11  0
  0 10  0  0  0  0 36  0  0  0  0 11  0
  0 10  0  0  0  0 36  0  0  0  0 11  0
  0 10  0  0  0  0 24 35 35 35 35 52  0
  0 11  0  0  0  0 37  0  0  0  0 19  0
  0 10  0  0  0  0 37  0  0  0  0 19  0
  0 10  0  0  0  0 37  0  0  0  0 19  0
  0 10  0  0  0  0 37  0  0  0  0 19  0
  0  1 20 20 20 20 46 40 40 40 40  4  0
  0  0  0  0  0  0  0  0  0  0  0  0  0
