3
0.05
12
23 23
6 21
16 21
3 1
3 16
3 11
9 1
9 6
9 11
13 1
13 6
13 11
19 1
19 6
19 16
0  0  0  0  0  0  0  0  0  0  0  0  0  0  0  0  0  0  0  0  0  0  0
0  3 18 18 18 18 42 54 54 54 54 54 54 54 54 54 43 45 45 45 45  9  0
0 15  0  0  0  0 28  0  0  0  0  0  0  0  0  0 32  0  0  0  0 17  0
0 15  0  0  0  0 28  0  0  0  0  0  0  0  0  0 32  0  0  0  0 17  0
0 15  0  0  0  0 28  0  0  0  0  0  0  0  0  0 32  0  0  0  0 17  0
0 15  0  0  0  0 28  0  0  0  0  0  0  0  0  0 32  0  0  0  0 17  0
0 48 26 26 26 26 22 27 27 27 27 49 30 30 30 30 23 31 31 31 31 50  0
0 51  0  0  0  0 29  0  0  0  0 34  0  0  0  0 33  0  0  0  0 16  0
0 51  0  0  0  0 29  0  0  0  0 34  0  0  0  0 33  0  0  0  0 16  0
0 51  0  0  0  0 29  0  0  0  0 34  0  0  0  0 33  0  0  0  0 16  0
0 51  0  0  0  0 29  0  0  0  0 34  0  0  0  0 33  0  0  0  0 16  0
0  2 13 13 13 13 44  8  8  8  8  5 14 14 14 14 33  0  0  0  0 16  0
0 10  0  0  0  0 36  0  0  0  0 11  0  0  0  0 33  0  0  0  0 16  0
0 10  0  0  0  0 36  0  0  0  0 11  0  0  0  0 33  0  0  0  0 16  0
0 10  0  0  0  0 36  0  0  0  0 11  0  0  0  0 33  0  0  0  0 16  0
0 10  0  0  0  0 36  0  0  0  0 11  0  0  0  0 33  0  0  0  0 16  0
0 10  0  0  0  0 24 35 35 35 35 52 38 38 38 38 25 39 39 39 39 53  0
0 11  0  0  0  0 37  0  0  0  0 19  0  0  0  0 41  0  0  0  0  6  0
0 10  0  0  0  0 37  0  0  0  0 19  0  0  0  0 41  0  0  0  0  6  0
0 10  0  0  0  0 37  0  0  0  0 19  0  0  0  0 41  0  0  0  0  6  0
0 10  0  0  0  0 37  0  0  0  0 19  0  0  0  0 41  0  0  0  0  6  0
0  1 20 20 20 20 46 40 40 40 40  4 21 21 21 21 47 12 12 12 12  7  0
0  0  0  0  0  0  0  0  0  0  0  0  0  0  0  0  0  0  0  0  0  0  0
